992.3 0.72544
1974.3 2.09882
2949.6 3.08532
3790.94 9.17955
4721.04 13.3706
5652.66 14.503
6581.04 16.485
7514.67 18.9777
8445.32 18.8664
9372.06 20.7967
10308.1 19.6135
11226.2 25.279
12159.3 27.3394
13099.9 26.6161
14037.3 26.6063
14950.7 31.1964
15885.2 33.9628
16824.6 30.0138
17799.3 24.9231
18722.2 28.0159
19663.9 29.7804
20584.7 36.7187
21519.2 32.4392
22445.7 37.2915
23377.6 40.4956
24283.9 31.3473
25213.7 39.1257
26137.9 48.7605
27050.3 53.9999
28009.1 64.2786
28915.3 69.6124
29838.2 78.4252
30745 74.7832
31649.6 85.7887
32576.5 85.415
33463.6 77.3736
34391 87.0989
35308.8 73.348
36236 71.3478
37134.2 77.1776
38099.1 87.798
39002.4 91.7285
40740.2 221.357
41935.5 73.0743
42802.1 75.1434
43668.9 79.2582
44567.1 87.1505
45427 94.643
46313.7 101.309
47186.7 102.135
48111.8 104.094
48958.5 107.246
49848.3 103.139
50697.5 104.622
51607 100.955
52501.4 105.706
53395.7 120.467
54286.5 120.272
55179.5 130.104
56054.5 123.252
56972.2 123.768
57906.5 128.497
58808.1 133.268
59717 157.276
60622.8 161.639
61570.6 157.588
62452.4 167.14
63357.8 175.897
64275.8 170.527
65213.8 172.707
66090.6 174.724
67042.2 172.579
67949.8 176.083
68880 194.307
69821.9 183.185
70725.2 191.763
71661.3 201.009
72543.3 204.046
73450.9 192.499
74346.1 189.939
75305.3 185.044
76236.6 173.432
77111.3 182.663
78003.7 190.174
78922.4 193.945
79849.4 192.401
80777.1 213.289
81715.2 209.527
82590.9 231.212
83513.3 244.966
84400.1 245.553
85371.4 245.436
86346.3 256.403
87268.4 252.118
88131.6 258.489
89013.8 254.986
89931.7 252.058
90792 260.987
91700.9 255.571